step,value
35,35.0
56,21.0
97,41.0
107,10.0
138,31.0
182,44.0
202,20.0
239,37.0
279,40.0
287,8.0
301,14.0
339,38.0
381,42.0
427,46.0
460,33.0
502,42.0
507,5.0
566,59.0
604,38.0
609,5.0
624,15.0
668,44.0
705,37.0
765,60.0
805,40.0
845,40.0
885,40.0
925,40.0
966,41.0
1005,39.0
1023,18.0
1066,43.0
1112,46.0
1129,17.0
1166,37.0
1208,42.0
1253,45.0
1307,54.0
1327,20.0
1364,37.0
1407,43.0
1447,40.0
1490,43.0
1527,37.0
1571,44.0
1628,57.0
1668,40.0
1714,46.0
1770,56.0
1836,66.0
1893,57.0
1931,38.0
1973,42.0
1978,5.0
2032,54.0
2072,40.0
2117,45.0
2176,59.0
2239,63.0
2294,55.0
2341,47.0
2417,76.0
2461,44.0
2525,64.0
2639,114.0
2682,43.0
2683,1.0
2684,1.0
2685,1.0
2686,1.0
2687,1.0
2764,77.0
2841,77.0
2927,86.0
2989,62.0
3048,59.0
3144,96.0
3187,43.0
3227,40.0
3288,61.0
3329,41.0
3389,60.0
3492,103.0
3553,61.0
3752,199.0
3852,100.0
3929,77.0
4012,83.0
4170,158.0
4352,182.0
4353,1.0
4354,1.0
4355,1.0
4356,1.0
4436,80.0
4438,2.0
4577,139.0
4818,241.0
4915,97.0
5077,162.0
5135,58.0
5180,45.0
5260,80.0
5380,120.0
5481,101.0
5544,63.0
5618,74.0
5782,164.0
5864,82.0
5866,2.0
5921,55.0
5963,42.0
6141,178.0
6203,62.0
6204,1.0
6205,1.0
6207,2.0
6266,59.0
6367,101.0
6368,1.0
6369,1.0
6525,156.0
6569,44.0
6625,56.0
6749,124.0
6752,3.0
6849,97.0
7050,201.0
7052,2.0
7311,259.0
7813,502.0
7953,140.0
8029,76.0
8034,5.0
8176,142.0
8293,117.0
8414,121.0
8492,78.0
8496,4.0
8714,218.0
8718,4.0
8792,74.0
8857,65.0
8993,136.0
8999,6.0
9094,95.0
9134,40.0
9138,4.0
9195,57.0
9261,66.0
9371,110.0
9438,67.0
9441,3.0
9537,96.0
9656,119.0
9738,82.0
9822,84.0
9920,98.0
9981,61.0
10299,318.0
10300,1.0
10365,65.0
10501,136.0
10585,84.0
10663,78.0
10664,1.0
10665,1.0
10666,1.0
10945,279.0
10947,2.0
11006,59.0
11186,180.0
11346,160.0
11347,1.0
11348,1.0
11987,639.0
12126,139.0
12269,143.0
12409,140.0
12569,160.0
12687,118.0
12765,78.0
12769,4.0
12889,120.0
13012,123.0
13089,77.0
13133,44.0
13214,81.0
13288,74.0
13372,84.0
13490,118.0
13649,159.0
13711,62.0
13755,44.0
14053,298.0
14274,221.0
14355,81.0
14433,78.0
14495,62.0
14556,61.0
14637,81.0
15094,457.0
15300,206.0
15457,157.0
15600,143.0
15676,76.0
15955,279.0
16020,65.0
16361,341.0
16422,61.0
16498,76.0
16538,40.0
16622,84.0
16703,81.0
16764,61.0
16845,81.0
16903,58.0
16981,78.0
17124,143.0
17260,136.0
17321,61.0
17544,223.0
17549,5.0
17688,139.0
17783,95.0
17907,124.0
18004,97.0
18050,46.0
18172,122.0
18251,79.0
18370,119.0
18491,121.0
18588,97.0
18631,43.0
18730,99.0
18812,82.0
18876,64.0
19056,180.0
19679,623.0
20099,420.0
20261,162.0
20356,95.0
20523,167.0
20698,175.0
20798,100.0
21404,606.0
21583,179.0
22084,501.0
22240,156.0
22442,202.0
22529,87.0
22669,140.0
22671,2.0
22912,241.0
23270,358.0
23328,58.0
23508,180.0
23572,64.0
23613,41.0
23692,79.0
23770,78.0
23889,119.0
23972,83.0
23978,6.0
24316,338.0
24434,118.0
24439,5.0
24661,222.0
25320,659.0
25640,320.0
25980,340.0
26121,141.0
26163,42.0
26262,99.0
26266,4.0
26364,98.0
26925,561.0
26928,3.0
27090,162.0
27171,81.0
27229,58.0
27284,55.0
27468,184.0
27471,3.0
27610,139.0
27710,100.0
27851,141.0
27933,82.0
28110,177.0
28171,61.0
28273,102.0
28432,159.0
28492,60.0
29052,560.0
29255,203.0
29596,341.0
29691,95.0
29912,221.0
30395,483.0
30498,103.0
30776,278.0
31036,260.0
31224,188.0
31343,119.0
31505,162.0
31559,54.0
31761,202.0
31826,65.0
31906,80.0
32084,178.0
32308,224.0
32401,93.0
32944,543.0
33810,866.0
33951,141.0
34754,803.0
35213,459.0
35896,683.0
36819,923.0
37033,214.0
37198,165.0
37500,302.0
38183,683.0
39284,1101.0
39401,117.0
39765,364.0
39827,62.0
39828,1.0
40203,375.0
40208,5.0
40804,596.0
41829,1025.0
41913,84.0
43913,2000.0
44535,622.0
46535,2000.0
46985,450.0
47905,920.0
47960,55.0
48082,122.0
48323,241.0
49431,1108.0
50449,1018.0
50452,3.0
50612,160.0
51256,644.0
52293,1037.0
54293,2000.0
54665,372.0
55027,362.0
55548,521.0
57325,1777.0
57590,265.0
58313,723.0
58534,221.0
60534,2000.0
60815,281.0
61379,564.0
61440,61.0
61556,116.0
61664,108.0
62784,1120.0
63402,618.0
64525,1123.0
65632,1107.0
66794,1162.0
67256,462.0
67637,381.0
67737,100.0
68018,281.0
68033,15.0
68154,121.0
69340,1186.0
69778,438.0
70539,761.0
70961,422.0
71027,66.0
71188,161.0
71268,80.0
71647,379.0
72089,442.0
72092,3.0
73591,1499.0
74732,1141.0
75359,627.0
77359,2000.0
77545,186.0
79545,2000.0
79549,4.0
79970,421.0
80745,775.0
80790,45.0
81528,738.0
81893,365.0
82594,701.0
82595,1.0
82596,1.0
82597,1.0
82598,1.0
82599,1.0
82600,1.0
83199,599.0
83742,543.0
84037,295.0
84319,282.0
85424,1105.0
85427,3.0
86023,596.0
87104,1081.0
87231,127.0
87512,281.0
87907,395.0
88173,266.0
88355,182.0
88851,496.0
88917,66.0
89795,878.0
89800,5.0
89994,194.0
90378,384.0
90380,2.0
90784,404.0
91284,500.0
91566,282.0
91764,198.0
91967,203.0
92388,421.0
93344,956.0
93711,367.0
93831,120.0
95831,2000.0
97074,1243.0
99074,2000.0
100362,1288.0
101582,1220.0
101902,320.0
102329,427.0
103671,1342.0
104054,383.0
105792,1738.0
106299,507.0
107098,799.0
107101,3.0
107336,235.0
107620,284.0
107623,3.0
107844,221.0
107904,60.0
107982,78.0
108719,737.0
108881,162.0
109388,507.0
110227,839.0
110509,282.0
111011,502.0
111111,100.0
111210,99.0
111228,18.0
111413,185.0
113413,2000.0
113517,104.0
113677,160.0
113899,222.0
114840,941.0
115156,316.0
115417,261.0
117417,2000.0
117947,530.0
118743,796.0
119794,1051.0
120295,501.0
120537,242.0
120736,199.0
120797,61.0
120958,161.0
121360,402.0
121598,238.0
122001,403.0
122157,156.0
122162,5.0
122717,555.0
123122,405.0
123743,621.0
123746,3.0
124027,281.0
124287,260.0
124505,218.0
125071,566.0
125951,880.0
126789,838.0
127555,766.0
128296,741.0
129415,1119.0
129460,45.0
129698,238.0
129702,4.0
129880,178.0
129884,4.0
131884,2000.0
132348,464.0
132607,259.0
132610,3.0
134194,1584.0
135475,1281.0
135801,326.0
136042,241.0
136099,57.0
136158,59.0
136263,105.0
136378,115.0
136383,5.0
136444,61.0
136664,220.0
136905,241.0
138388,1483.0
138570,182.0
138706,136.0
138951,245.0
139292,341.0
139366,74.0
139407,41.0
139915,508.0
140130,215.0
142130,2000.0
142379,249.0
142539,160.0
143860,1321.0
144201,341.0
144558,357.0
145344,786.0
146166,822.0
147128,962.0
149128,2000.0
150636,1508.0
151064,428.0
152001,937.0
152727,726.0
153927,1200.0
154133,206.0
154954,821.0
155090,136.0
155235,145.0
156194,959.0
156801,607.0
157602,801.0
159226,1624.0
159642,416.0
161642,2000.0
163181,1539.0
164020,839.0
166020,2000.0
166768,748.0
167188,420.0
167831,643.0
168771,940.0
168776,5.0
170459,1683.0
170657,198.0
170662,5.0
171056,394.0
172098,1042.0
173481,1383.0
173907,426.0
174345,438.0
175895,1550.0
176295,400.0
176838,543.0
176937,99.0
178937,2000.0
179180,243.0
180820,1640.0
180928,108.0
182105,1177.0
182150,45.0
182828,678.0
184048,1220.0
184115,67.0
184515,400.0
186515,2000.0
186518,3.0
186521,3.0
187104,583.0
188266,1162.0
188407,141.0
189243,836.0
190426,1183.0
190672,246.0
191130,458.0
193130,2000.0
193575,445.0
193859,284.0
195384,1525.0
195385,1.0
195386,1.0
195387,1.0
195388,1.0
195389,1.0
195451,62.0
195847,396.0
195852,5.0
196429,577.0
196434,5.0
196714,280.0
196993,279.0
197654,661.0
198111,457.0
198457,346.0
200000,1543.0
